10 AVW4-10-RM4132-8C:88:AF 67.77251184834124 241.70616113744077
11 AVW4-02-HW4143-8C:68:6F 16.33986928104575 262.5913110342176
8 AVW4-11-HW4129-8C:99:EF 102.84505959246444 262.7835447904652
9 AVW4-05-HW4172-8C:95:3F 124.68520073082807 207.89096834724205
27 AVW4-01-HW4157-8D:8E:9F 22.96182904547923 208.63167250999945
22 AVW4-07-RM4120-8E:9B:4F 152.09125475285168 246.40758481062656
13 AVW4-06-RM4121-8E:92:7F 137.77097427287538 273.31983605747854
24 AVW4-04-RM4160-8E:9A:5F 41.97323588958569 224.43336131549054
23 AVW4-08-RM4113-8E:92:AF 191.3485753789936 275.78884993333656
21 AVW4-03-RM4137-8E:94:EF 57.034220532319374 276.77645548367974
26 AVW4-09-RM4179-8E:95:DF 176.5344921238457 198.75561700656752
12 AVW3-01-RM3157-8E:94:5F 13.062316808971579 217.5990824518924
28 AVW3-03-HW3147-8D:7D:EF 22.620109596023955 265.38804638715425
14 AVW3-04-RM3141-8E:95:4F 57.34675672231425 273.9900598955014
7 AVW3-05-RM3129-8C:9B:3F 124.88849241748436 274.30865298840314
25 AVW3-06-RM-3180-8E:92:1F 156.4292086147572 216.3247100802854
16 AVW3-07-RM3122-8E:93:FF 161.52669810118513 250.73276411367397
17 AVW3-08-RM3166-8E:F6:0F 79.01108703963297 222.69657193832032
18 AVW3-09-RM3175-8E:DE:CF 124.56989932458262 196.89053141327892
15 AVW3-11-RM3117-8E:96:FF 193.70460048426145 273.0342806167962
20 AVW3-10-RM3185-8E:DC:5F 182.2352491397986 199.12068306359114
